American_Crow_0016_25112.jpg 0 0.479000 0.484463 0.662000 0.731638
American_Crow_0020_25618.jpg 3 0.588000 0.612000 0.724000 0.664000
American_Crow_0043_25666.jpg 3 0.492000 0.466967 0.852000 0.717718
American_Crow_0062_25587.jpg 3 0.528000 0.489975 0.700000 0.679198
American_Crow_0074_25350.jpg 3 0.490000 0.486726 0.844000 0.790560
American_Crow_0079_25463.jpg 3 0.473000 0.510324 0.866000 0.884956
American_Crow_0080_25220.jpg 3 0.500000 0.490000 0.552000 0.624000
American_Crow_0093_25694.jpg 3 0.410000 0.543544 0.752000 0.804805
American_Crow_0101_25118.jpg 3 0.544000 0.522556 0.628000 0.699248
American_Crow_0102_25066.jpg 3 0.546000 0.478803 0.736000 0.748130
American_Crow_0130_25163.jpg 3 0.453125 0.503000 0.887019 0.682000
American_Crow_0137_25221.jpg 3 0.421000 0.459337 0.542000 0.539157
